    0.445644     -0.12139  -0.00336875    -0.617952      0.30292     0.104751     0.161157     -0.19879     0.486383
   -0.711218    0.0423734    0.0552392    -0.441138    0.0339571    0.0783436  -0.00482367     0.470035     0.257823
     0.31457   -0.0603901   -0.0471155    0.0886266    -0.100349      0.76635     0.103892     0.515145    -0.117446
    0.282895     0.608804    -0.263212    -0.367443    0.0698713    -0.262026    -0.210852     0.299143    -0.370876
   -0.244688     0.279298     -0.70117   -0.0279127    -0.212571     0.328237     0.175306    -0.423009    0.0843047
    -0.12212     0.253274      0.37022   -0.0908042     0.170505     0.452362    -0.623452    -0.380869   -0.0904064
    0.189107     0.291328     0.222269    0.0265378    -0.744001   -0.0819397    -0.158411    0.0552435     0.490776
 -0.00735859    -0.496706   -0.0182501    -0.500389    -0.506722 -0.000417037    -0.120787    -0.147379    -0.457635
  -0.0773703     0.368016     0.496989    -0.143339   -0.0870132    0.0886237     0.677971    -0.189519    -0.282924